{
 "cells": [
  {
   "cell_type": "code",
   "execution_count": 85,
   "id": "f965743b",
   "metadata": {},
   "outputs": [],
   "source": [
    "import numpy as np\n",
    "import scipy\n",
    "import scipy.linalg\n",
    "from mpl_toolkits import mplot3d\n",
    "import matplotlib.pyplot as plt\n",
    "import math\n",
    "import pandas as pd"
   ]
  },
  {
   "cell_type": "markdown",
   "id": "cadd9e1e",
   "metadata": {},
   "source": [
    "Problem 1"
   ]
  },
  {
   "cell_type": "markdown",
   "id": "db7e058e",
   "metadata": {},
   "source": [
    "(i)"
   ]
  },
  {
   "cell_type": "code",
   "execution_count": 86,
   "id": "eac44b7a",
   "metadata": {},
   "outputs": [],
   "source": [
    "def generate_b(t0):\n",
    "    b = []\n",
    "    for i in range(1, 11):\n",
    "        b.append(1/(t0+i) + 1/(t0+i)**2 + 1/(t0+i)**3)\n",
    "    return b"
   ]
  },
  {
   "cell_type": "code",
   "execution_count": 87,
   "id": "bdd270f8",
   "metadata": {},
   "outputs": [],
   "source": [
    "def generate_A(t0):\n",
    "    A = np.zeros((10, 3))\n",
    "    for i in range(1, 11):\n",
    "        A[i-1][0] = 1/(t0+i)\n",
    "        A[i-1][1] = 1/(t0+i)**2\n",
    "        A[i-1][2] = 1/(t0+i)**3\n",
    "    return A"
   ]
  },
  {
   "cell_type": "code",
   "execution_count": 88,
   "id": "462ca9a8",
   "metadata": {},
   "outputs": [],
   "source": [
    "def get_condATA(A):\n",
    "    return np.linalg.cond(np.dot(A.T, A))"
   ]
  },
  {
   "cell_type": "code",
   "execution_count": 89,
   "id": "5a4b3b2e",
   "metadata": {},
   "outputs": [],
   "source": [
    "def get_condA(A):\n",
    "    return np.linalg.cond(A)"
   ]
  },
  {
   "cell_type": "code",
   "execution_count": 90,
   "id": "eeb16155",
   "metadata": {},
   "outputs": [],
   "source": [
    "def get_xnorm(A, b):\n",
    "    ATA = np.dot(A.T, A)\n",
    "    ATA_inv = np.linalg.inv(ATA)\n",
    "    return np.dot(ATA_inv, np.dot(A.T, b))"
   ]
  },
  {
   "cell_type": "code",
   "execution_count": 91,
   "id": "5acf1c17",
   "metadata": {},
   "outputs": [],
   "source": [
    "def get_xorth(A, b):\n",
    "    Q, R = scipy.linalg.qr(A)\n",
    "    return np.dot(np.linalg.inv(R[0:3]), np.dot(Q.T, b)[0:3])"
   ]
  },
  {
   "cell_type": "code",
   "execution_count": 92,
   "id": "21782e94",
   "metadata": {},
   "outputs": [
    {
     "data": {
      "text/plain": [
       "array([1., 1., 1.])"
      ]
     },
     "execution_count": 92,
     "metadata": {},
     "output_type": "execute_result"
    }
   ],
   "source": [
    "get_xnorm(generate_A(0), generate_b(0))"
   ]
  },
  {
   "cell_type": "code",
   "execution_count": 93,
   "id": "f9820668",
   "metadata": {},
   "outputs": [
    {
     "data": {
      "text/plain": [
       "array([1., 1., 1.])"
      ]
     },
     "execution_count": 93,
     "metadata": {},
     "output_type": "execute_result"
    }
   ],
   "source": [
    "get_xorth(generate_A(0), generate_b(0))"
   ]
  },
  {
   "cell_type": "code",
   "execution_count": 94,
   "id": "44845dae",
   "metadata": {},
   "outputs": [],
   "source": [
    "A = generate_A(0)"
   ]
  },
  {
   "cell_type": "code",
   "execution_count": 95,
   "id": "f8655200",
   "metadata": {},
   "outputs": [],
   "source": [
    "x_ex = [1, 1, 1]"
   ]
  },
  {
   "cell_type": "code",
   "execution_count": 96,
   "id": "24e0ca7f",
   "metadata": {},
   "outputs": [],
   "source": [
    "results = np.zeros((5, 5))"
   ]
  },
  {
   "cell_type": "code",
   "execution_count": 97,
   "id": "6ee5111f",
   "metadata": {},
   "outputs": [],
   "source": [
    "for i in range(0, 201, 50):\n",
    "    A = generate_A(i)\n",
    "    b = generate_b(i)\n",
    "    x_norm = get_xnorm(A, b)\n",
    "    x_orth = get_xorth(A, b)\n",
    "    \n",
    "    results[i//50][0] = i\n",
    "    \n",
    "    results[i//50][1] = get_condATA(A)\n",
    "    \n",
    "    results[i//50][2] = get_condA(A)\n",
    "    \n",
    "    results[i//50][3] = np.linalg.norm(x_norm-x_ex)\n",
    "    \n",
    "    results[i//50][4] = np.linalg.norm(x_orth-x_ex)"
   ]
  },
  {
   "cell_type": "code",
   "execution_count": 99,
   "id": "30911c1c",
   "metadata": {},
   "outputs": [
    {
     "data": {
      "text/html": [
       "<div>\n",
       "<style scoped>\n",
       "    .dataframe tbody tr th:only-of-type {\n",
       "        vertical-align: middle;\n",
       "    }\n",
       "\n",
       "    .dataframe tbody tr th {\n",
       "        vertical-align: top;\n",
       "    }\n",
       "\n",
       "    .dataframe thead th {\n",
       "        text-align: right;\n",
       "    }\n",
       "</style>\n",
       "<table border=\"1\" class=\"dataframe\">\n",
       "  <thead>\n",
       "    <tr style=\"text-align: right;\">\n",
       "      <th></th>\n",
       "      <th>$𝜅_2(𝐴^𝑇𝐴)$</th>\n",
       "      <th>$𝜅_2(𝐴)$</th>\n",
       "      <th>||𝑥^{𝑛𝑜𝑟𝑚}-𝑥^{𝑒𝑥}||_2</th>\n",
       "      <th>||𝑥^{𝑜𝑟𝑡ℎ}-𝑥^{𝑒𝑥}||_2</th>\n",
       "    </tr>\n",
       "    <tr>\n",
       "      <th>$t_0$</th>\n",
       "      <th></th>\n",
       "      <th></th>\n",
       "      <th></th>\n",
       "      <th></th>\n",
       "    </tr>\n",
       "  </thead>\n",
       "  <tbody>\n",
       "    <tr>\n",
       "      <th>0.0</th>\n",
       "      <td>2.096205e+03</td>\n",
       "      <td>4.578434e+01</td>\n",
       "      <td>2.604893e-13</td>\n",
       "      <td>2.589463e-15</td>\n",
       "    </tr>\n",
       "    <tr>\n",
       "      <th>50.0</th>\n",
       "      <td>1.658990e+12</td>\n",
       "      <td>1.288018e+06</td>\n",
       "      <td>2.385350e-07</td>\n",
       "      <td>5.746704e-11</td>\n",
       "    </tr>\n",
       "    <tr>\n",
       "      <th>100.0</th>\n",
       "      <td>2.884738e+14</td>\n",
       "      <td>1.698452e+07</td>\n",
       "      <td>1.526170e-05</td>\n",
       "      <td>3.281801e-10</td>\n",
       "    </tr>\n",
       "    <tr>\n",
       "      <th>150.0</th>\n",
       "      <td>6.452086e+15</td>\n",
       "      <td>8.032488e+07</td>\n",
       "      <td>6.105192e-05</td>\n",
       "      <td>8.734913e-10</td>\n",
       "    </tr>\n",
       "    <tr>\n",
       "      <th>200.0</th>\n",
       "      <td>6.011692e+16</td>\n",
       "      <td>2.451875e+08</td>\n",
       "      <td>2.441481e-04</td>\n",
       "      <td>1.538277e-08</td>\n",
       "    </tr>\n",
       "  </tbody>\n",
       "</table>\n",
       "</div>"
      ],
      "text/plain": [
       "        $𝜅_2(𝐴^𝑇𝐴)$      $𝜅_2(𝐴)$  ||𝑥^{𝑛𝑜𝑟𝑚}-𝑥^{𝑒𝑥}||_2  \\\n",
       "$t_0$                                                      \n",
       "0.0    2.096205e+03  4.578434e+01           2.604893e-13   \n",
       "50.0   1.658990e+12  1.288018e+06           2.385350e-07   \n",
       "100.0  2.884738e+14  1.698452e+07           1.526170e-05   \n",
       "150.0  6.452086e+15  8.032488e+07           6.105192e-05   \n",
       "200.0  6.011692e+16  2.451875e+08           2.441481e-04   \n",
       "\n",
       "       ||𝑥^{𝑜𝑟𝑡ℎ}-𝑥^{𝑒𝑥}||_2  \n",
       "$t_0$                         \n",
       "0.0             2.589463e-15  \n",
       "50.0            5.746704e-11  \n",
       "100.0           3.281801e-10  \n",
       "150.0           8.734913e-10  \n",
       "200.0           1.538277e-08  "
      ]
     },
     "execution_count": 99,
     "metadata": {},
     "output_type": "execute_result"
    }
   ],
   "source": [
    "df = pd.DataFrame(results, columns=['$t_0$', '$𝜅_2(𝐴^𝑇𝐴)$','$𝜅_2(𝐴)$','||𝑥^{𝑛𝑜𝑟𝑚}-𝑥^{𝑒𝑥}||_2', '||𝑥^{𝑜𝑟𝑡ℎ}-𝑥^{𝑒𝑥}||_2'])\n",
    "df.set_index('$t_0$')"
   ]
  },
  {
   "cell_type": "markdown",
   "id": "d336a170",
   "metadata": {},
   "source": [
    "(ii)"
   ]
  },
  {
   "cell_type": "markdown",
   "id": "e653c5ba",
   "metadata": {},
   "source": [
    "According to Theorem 5.4.1, we know that the computational error $||x^{comp} - x^{ex}||_2$ is postively related with the conditional number of $A$ in LLS problem. According to Theorem 7.6.2, the conditional number of $A^TA$ is the square of $A$'s. Therefore, when we compute x through normal equation ($A^TAx = A^Tb$), it will introduce more errors into the solution because of the larger conditional number compared to that from QR decomposition ($Ax = b$). We can see the difference in errors from what we computed in the table."
   ]
  },
  {
   "cell_type": "markdown",
   "id": "a535a8b2",
   "metadata": {},
   "source": [
    "Problem 3"
   ]
  },
  {
   "cell_type": "markdown",
   "id": "74d7c1fb",
   "metadata": {},
   "source": [
    "(iii)"
   ]
  },
  {
   "cell_type": "code",
   "execution_count": 296,
   "id": "8f5d0ac1",
   "metadata": {},
   "outputs": [],
   "source": [
    "def hd_A(A):\n",
    "    (m,n) = np.shape(A)\n",
    "\n",
    "    e1 = np.zeros(m)\n",
    "    e1[0]=1\n",
    "    e2 = np.zeros(m-1)\n",
    "    e2[0]=1\n",
    "    \n",
    "    u1 = A[:,0] + np.sign(A[0][0]) *np.linalg.norm(A[:, 0])* e1\n",
    "    v1 = u1 / np.linalg.norm(u1)\n",
    "    Q1 = np.identity(m) - 2*np.outer(v1,v1.T)\n",
    "    \n",
    "    A = np.dot(Q1, A)\n",
    "    \n",
    "    u2 = A[1:,1] + np.sign(A[1][1]) *np.linalg.norm(A[1:,1])* e2\n",
    "    v2 = u2 / np.linalg.norm(u2)\n",
    "    Q2 = np.identity(m)\n",
    "    Q2[1:,1:] = np.identity(m-1) - 2*np.outer(v2,v2.T)\n",
    "    \n",
    "    R = np.dot(Q2, A)\n",
    "    \n",
    "    return Q1, Q2"
   ]
  },
  {
   "cell_type": "code",
   "execution_count": 297,
   "id": "cf9037b3",
   "metadata": {},
   "outputs": [],
   "source": [
    "A = np.zeros((10, 2))"
   ]
  },
  {
   "cell_type": "code",
   "execution_count": 298,
   "id": "6eb313f3",
   "metadata": {},
   "outputs": [],
   "source": [
    "for i in range(10):\n",
    "    A[i][0] = 1\n",
    "    A[i][1] = (i+1)/5"
   ]
  },
  {
   "cell_type": "code",
   "execution_count": 299,
   "id": "a38b001d",
   "metadata": {},
   "outputs": [
    {
     "data": {
      "text/plain": [
       "array([[1. , 0.2],\n",
       "       [1. , 0.4],\n",
       "       [1. , 0.6],\n",
       "       [1. , 0.8],\n",
       "       [1. , 1. ],\n",
       "       [1. , 1.2],\n",
       "       [1. , 1.4],\n",
       "       [1. , 1.6],\n",
       "       [1. , 1.8],\n",
       "       [1. , 2. ]])"
      ]
     },
     "execution_count": 299,
     "metadata": {},
     "output_type": "execute_result"
    }
   ],
   "source": [
    "A"
   ]
  },
  {
   "cell_type": "code",
   "execution_count": 300,
   "id": "786e9015",
   "metadata": {},
   "outputs": [],
   "source": [
    "Q1, Q2= hd_A(A)"
   ]
  },
  {
   "cell_type": "code",
   "execution_count": 301,
   "id": "0cb107fa",
   "metadata": {
    "scrolled": true
   },
   "outputs": [
    {
     "name": "stdout",
     "output_type": "stream",
     "text": [
      "[[-0.31622777 -0.31622777 -0.31622777 -0.31622777 -0.31622777 -0.31622777\n",
      "  -0.31622777 -0.31622777 -0.31622777 -0.31622777]\n",
      " [-0.31622777  0.92402531 -0.07597469 -0.07597469 -0.07597469 -0.07597469\n",
      "  -0.07597469 -0.07597469 -0.07597469 -0.07597469]\n",
      " [-0.31622777 -0.07597469  0.92402531 -0.07597469 -0.07597469 -0.07597469\n",
      "  -0.07597469 -0.07597469 -0.07597469 -0.07597469]\n",
      " [-0.31622777 -0.07597469 -0.07597469  0.92402531 -0.07597469 -0.07597469\n",
      "  -0.07597469 -0.07597469 -0.07597469 -0.07597469]\n",
      " [-0.31622777 -0.07597469 -0.07597469 -0.07597469  0.92402531 -0.07597469\n",
      "  -0.07597469 -0.07597469 -0.07597469 -0.07597469]\n",
      " [-0.31622777 -0.07597469 -0.07597469 -0.07597469 -0.07597469  0.92402531\n",
      "  -0.07597469 -0.07597469 -0.07597469 -0.07597469]\n",
      " [-0.31622777 -0.07597469 -0.07597469 -0.07597469 -0.07597469 -0.07597469\n",
      "   0.92402531 -0.07597469 -0.07597469 -0.07597469]\n",
      " [-0.31622777 -0.07597469 -0.07597469 -0.07597469 -0.07597469 -0.07597469\n",
      "  -0.07597469  0.92402531 -0.07597469 -0.07597469]\n",
      " [-0.31622777 -0.07597469 -0.07597469 -0.07597469 -0.07597469 -0.07597469\n",
      "  -0.07597469 -0.07597469  0.92402531 -0.07597469]\n",
      " [-0.31622777 -0.07597469 -0.07597469 -0.07597469 -0.07597469 -0.07597469\n",
      "  -0.07597469 -0.07597469 -0.07597469  0.92402531]]\n"
     ]
    }
   ],
   "source": [
    "print(Q1)"
   ]
  },
  {
   "cell_type": "code",
   "execution_count": 302,
   "id": "0fda9a0f",
   "metadata": {},
   "outputs": [
    {
     "name": "stdout",
     "output_type": "stream",
     "text": [
      "[[ 1.          0.          0.          0.          0.          0.\n",
      "   0.          0.          0.          0.        ]\n",
      " [ 0.         -0.26630785 -0.15621147 -0.0461151   0.06398128  0.17407766\n",
      "   0.28417403  0.39427041  0.50436679  0.61446316]\n",
      " [ 0.         -0.15621147  0.98072979 -0.00568875  0.00789272  0.02147418\n",
      "   0.03505565  0.04863712  0.06221858  0.07580005]\n",
      " [ 0.         -0.0461151  -0.00568875  0.99832063  0.00233     0.00633938\n",
      "   0.01034876  0.01435813  0.01836751  0.02237689]\n",
      " [ 0.          0.06398128  0.00789272  0.00233     0.99676729 -0.00879542\n",
      "  -0.01435813 -0.01992085 -0.02548356 -0.03104627]\n",
      " [ 0.          0.17407766  0.02147418  0.00633938 -0.00879542  0.97606978\n",
      "  -0.03906503 -0.05419983 -0.06933463 -0.08446943]\n",
      " [ 0.          0.28417403  0.03505565  0.01034876 -0.01435813 -0.03906503\n",
      "   0.93622808 -0.08847881 -0.1131857  -0.13789259]\n",
      " [ 0.          0.39427041  0.04863712  0.01435813 -0.01992085 -0.05419983\n",
      "  -0.08847881  0.87724221 -0.15703677 -0.19131575]\n",
      " [ 0.          0.50436679  0.06221858  0.01836751 -0.02548356 -0.06933463\n",
      "  -0.1131857  -0.15703677  0.79911216 -0.24473892]\n",
      " [ 0.          0.61446316  0.07580005  0.02237689 -0.03104627 -0.08446943\n",
      "  -0.13789259 -0.19131575 -0.24473892  0.70183792]]\n"
     ]
    }
   ],
   "source": [
    "print(Q2)"
   ]
  },
  {
   "cell_type": "code",
   "execution_count": 303,
   "id": "c3c960cb",
   "metadata": {},
   "outputs": [],
   "source": [
    "def hd_At(At, Q1, Q2):\n",
    "    (m,n) = np.shape(A)\n",
    "    \n",
    "    e3 = np.zeros(m-2)\n",
    "    e3[0]=1\n",
    "    At = np.dot(Q2, np.dot(Q1, At))\n",
    "    \n",
    "    u3 = At[2:,2] + np.sign(At[2][2]) *np.linalg.norm(At[2:,2])* e3\n",
    "    v3 = u3 / np.linalg.norm(u3)\n",
    "    Q3 = np.identity(m)\n",
    "    Q3[2:,2:] = np.identity(m-2) - 2*np.outer(v3,v3.T)\n",
    "    \n",
    "    R = np.dot(Q3, At)\n",
    "    \n",
    "    return Q3, R\n",
    "    "
   ]
  },
  {
   "cell_type": "code",
   "execution_count": 304,
   "id": "259e0c7a",
   "metadata": {},
   "outputs": [],
   "source": [
    "At = np.zeros((10, 3))"
   ]
  },
  {
   "cell_type": "code",
   "execution_count": 305,
   "id": "374bd82b",
   "metadata": {},
   "outputs": [],
   "source": [
    "for i in range(10):\n",
    "    At[i][0] = 1\n",
    "    At[i][1] = (i+1)/5\n",
    "    At[i][2] = ((i+1)/5)**2"
   ]
  },
  {
   "cell_type": "code",
   "execution_count": 306,
   "id": "0056aacc",
   "metadata": {
    "scrolled": true
   },
   "outputs": [],
   "source": [
    "Q3, R = hd_At(At, Q1, Q2)"
   ]
  },
  {
   "cell_type": "code",
   "execution_count": 307,
   "id": "ca3bbf98",
   "metadata": {},
   "outputs": [],
   "source": [
    "b = np.zeros(10)"
   ]
  },
  {
   "cell_type": "code",
   "execution_count": 308,
   "id": "05b74ef6",
   "metadata": {},
   "outputs": [],
   "source": [
    "for i in range(10):\n",
    "    b[i] = 1 + (i+1)/5 + ((i+1)/5)**2"
   ]
  },
  {
   "cell_type": "code",
   "execution_count": 309,
   "id": "18184488",
   "metadata": {},
   "outputs": [],
   "source": [
    "R_inv = np.linalg.inv(R[:3, :3])"
   ]
  },
  {
   "cell_type": "code",
   "execution_count": 310,
   "id": "2021f3e2",
   "metadata": {},
   "outputs": [
    {
     "data": {
      "text/plain": [
       "array([[-3.16227766e-01, -6.05530071e-01,  9.57427108e-01],\n",
       "       [ 7.56593844e-16,  5.50481883e-01, -2.39356777e+00],\n",
       "       [-2.91441526e-16, -5.79998882e-16,  1.08798535e+00]])"
      ]
     },
     "execution_count": 310,
     "metadata": {},
     "output_type": "execute_result"
    }
   ],
   "source": [
    "R_inv"
   ]
  },
  {
   "cell_type": "code",
   "execution_count": 311,
   "id": "cacb2661",
   "metadata": {
    "scrolled": true
   },
   "outputs": [],
   "source": [
    "x_hd = np.dot(R_inv, np.dot(Q3, np.dot(Q2, np.dot(Q1, b)))[:3])"
   ]
  },
  {
   "cell_type": "code",
   "execution_count": 312,
   "id": "0144421c",
   "metadata": {},
   "outputs": [
    {
     "data": {
      "text/plain": [
       "array([1., 1., 1.])"
      ]
     },
     "execution_count": 312,
     "metadata": {},
     "output_type": "execute_result"
    }
   ],
   "source": [
    "x_hd"
   ]
  },
  {
   "cell_type": "code",
   "execution_count": 294,
   "id": "f3a4d636",
   "metadata": {
    "scrolled": true
   },
   "outputs": [
    {
     "name": "stderr",
     "output_type": "stream",
     "text": [
      "<ipython-input-294-73fbeacd67f2>:1: FutureWarning: `rcond` parameter will change to the default of machine precision times ``max(M, N)`` where M and N are the input matrix dimensions.\n",
      "To use the future default and silence this warning we advise to pass `rcond=None`, to keep using the old, explicitly pass `rcond=-1`.\n",
      "  x_ls = np.linalg.lstsq(At, b)[0]\n"
     ]
    }
   ],
   "source": [
    "x_ls = np.linalg.lstsq(At, b)[0]"
   ]
  },
  {
   "cell_type": "code",
   "execution_count": 295,
   "id": "69310ec0",
   "metadata": {},
   "outputs": [
    {
     "data": {
      "text/plain": [
       "array([1., 1., 1.])"
      ]
     },
     "execution_count": 295,
     "metadata": {},
     "output_type": "execute_result"
    }
   ],
   "source": [
    "x_ls"
   ]
  },
  {
   "cell_type": "markdown",
   "id": "c5c3a8aa",
   "metadata": {},
   "source": [
    " Problem 4"
   ]
  },
  {
   "cell_type": "markdown",
   "id": "afa657b4",
   "metadata": {},
   "source": [
    "(i)"
   ]
  },
  {
   "cell_type": "code",
   "execution_count": 75,
   "id": "7e143de4",
   "metadata": {},
   "outputs": [],
   "source": [
    "def generate_B(h, a, b, n):\n",
    "    res = np.zeros((n, n))\n",
    "    for i in range(n):\n",
    "        res[i][i] = 2*a + h*b\n",
    "        res[i][(i+1)%n] = -a\n",
    "        res[i][(i+n-1)%n] = -(a + h*b)\n",
    "    res = -res* h**-2\n",
    "    return res"
   ]
  },
  {
   "cell_type": "code",
   "execution_count": 76,
   "id": "3e702b74",
   "metadata": {},
   "outputs": [],
   "source": [
    "B = generate_B(1/101, 0.01, 1, 100)"
   ]
  },
  {
   "cell_type": "code",
   "execution_count": 104,
   "id": "3f9474c9",
   "metadata": {},
   "outputs": [],
   "source": [
    "t = np.linspace(0, 2, 100)"
   ]
  },
  {
   "cell_type": "code",
   "execution_count": 105,
   "id": "7e6a460c",
   "metadata": {},
   "outputs": [],
   "source": [
    "x0 = np.zeros(100)"
   ]
  },
  {
   "cell_type": "code",
   "execution_count": 106,
   "id": "694996eb",
   "metadata": {},
   "outputs": [],
   "source": [
    "s = np.linspace(0, 1, 100)"
   ]
  },
  {
   "cell_type": "code",
   "execution_count": 107,
   "id": "785c744b",
   "metadata": {},
   "outputs": [],
   "source": [
    "for i in range(100):\n",
    "    x0[i] = math.exp(-(s[i]-0.3)**2/0.01)"
   ]
  },
  {
   "cell_type": "code",
   "execution_count": 108,
   "id": "7bcfd7cd",
   "metadata": {},
   "outputs": [],
   "source": [
    "xt = np.zeros([100, 100])\n"
   ]
  },
  {
   "cell_type": "code",
   "execution_count": 109,
   "id": "ff1833df",
   "metadata": {},
   "outputs": [],
   "source": [
    "for i in range(100):\n",
    "    xt[:,i] = np.dot(scipy.linalg.expm(np.dot(B, t[i])), x0) "
   ]
  },
  {
   "cell_type": "code",
   "execution_count": 110,
   "id": "bd9b4851",
   "metadata": {},
   "outputs": [
    {
     "data": {
      "text/plain": [
       "(100, 100)"
      ]
     },
     "execution_count": 110,
     "metadata": {},
     "output_type": "execute_result"
    }
   ],
   "source": [
    "xt.shape"
   ]
  },
  {
   "cell_type": "code",
   "execution_count": 111,
   "id": "1ba43618",
   "metadata": {
    "scrolled": true
   },
   "outputs": [
    {
     "data": {
